time[ms],#packets last interval,#packets overall,overall avrg. packetsize [byte],overall sum packetsize [byte],overall thrp [Mb/s],thrp last interval [Mb/s]
2000.0,0,0,NaN,0.0,NaN,NaN
3000.0,368,368,971.0298913043479,357339.0,2.858712,2.858712
4000.0,448,816,1020.9285714285714,814715.0,3.25886,3.659008
5000.0,354,1170,959.8728813559322,1154510.0,3.078693333333333,2.71836
6000.0,436,1606,991.2293577981651,1586686.0,3.173372,3.457408
7000.0,485,2091,969.1525773195876,2056725.0,3.29076,3.760312
8000.0,408,2499,1065.3529411764705,2491389.0,3.321852,3.4773119999999995
9000.0,514,3013,952.7354085603113,2981095.0,3.4069657142857146,3.917648
10000.0,72,3085,1170.75,3065389.0,3.065389,0.674352
11000.0,70,3155,849.1857142857143,3124832.0,2.7776284444444443,0.475544
12000.0,556,3711,976.0467625899281,3667514.0,2.9340111999999996,4.341456
13000.0,307,4018,1014.0358306188925,3978823.0,2.893689454545455,2.490472
14000.0,763,4781,1030.2817824377457,4764928.0,3.1766186666666667,6.28884
15000.0,394,5175,994.1421319796955,5156620.0,3.1733046153846156,3.133536
16000.0,391,5566,1027.8516624040922,5558510.0,3.1762914285714285,3.2151200000000006
17000.0,830,6396,993.7240963855422,6383301.0,3.4044272,6.598328
18000.0,183,6579,981.3387978142076,6562886.0,3.281443,1.43668
19000.0,500,7079,1003.38,7064576.0,3.3245063529411762,4.01352
20000.0,417,7496,1002.7194244604317,7482710.0,3.325648888888889,3.345072
21000.0,63,7559,918.1587301587301,7540554.0,3.1749701052631583,0.462752
22000.0,1549,9108,1013.0768237572628,9109810.0,3.643924,12.554048
23000.0,185,9293,1001.0054054054054,9294996.0,3.540950857142857,1.481488
24000.0,771,10064,998.2217898832685,1.0064625E7,3.6598636363636365,6.157032
25000.0,440,10504,974.0136363636364,1.0493191E7,3.6498055652173913,3.428528
26000.0,150,10654,1012.44,1.0645057E7,3.5483523333333333,1.214928
27000.0,1044,11698,1012.0450191570882,1.1701632E7,3.74452224,8.4526
28000.0,275,11973,975.5854545454546,1.1969918E7,3.6830516923076924,2.146288
29000.0,267,12240,948.3071161048689,1.2223116E7,3.621664,2.025584
30000.0,499,12739,961.9058116232464,1.2703107E7,3.629459142857143,3.839928
31000.0,422,13161,1014.8957345971564,1.3131393E7,3.6224532413793105,3.426288
32000.0,963,14124,997.5420560747664,1.4092026E7,3.7578736,7.685064
33000.0,556,14680,991.9946043165468,1.4643575E7,3.7789870967741934,4.412392
34000.0,259,14939,1000.1776061776062,1.4902621E7,3.72565525,2.072368
35000.0,720,15659,1021.7833333333333,1.5638305E7,3.7911042424242423,5.885472
36000.0,484,16143,1009.853305785124,1.6127074E7,3.7946056470588236,3.910152
37000.0,120,16263,905.6583333333333,1.6235753E7,3.711029257142857,0.869432
38000.0,1371,17634,1003.4814004376368,1.7611526E7,3.9136724444444444,11.006184
39000.0,176,17810,1014.625,1.77901E7,3.846508108108108,1.428592
40000.0,685,18495,982.3313868613138,1.8462997E7,3.886946736842105,5.383176
41000.0,336,18831,953.0386904761905,1.8783218E7,3.852967794871795,2.561768
42000.0,322,19153,1020.1552795031056,1.9111708E7,3.8223416,2.62792
43000.0,868,20021,1018.5403225806451,1.9995801E7,3.9016197073170735,7.072744
44000.0,427,20448,954.2388758782201,2.0403261E7,3.8863354285714284,3.25968
45000.0,454,20902,943.5352422907489,2.0831626E7,3.8756513488372093,3.42692
46000.0,164,21066,965.4573170731708,2.0989961E7,3.8163565454545454,1.26668
47000.0,617,21683,1047.8314424635332,2.1636473E7,3.846484088888889,5.172096
48000.0,631,22314,1033.2377179080825,2.2288446E7,3.8762514782608695,5.215784
49000.0,576,22890,1034.109375,2.2884093E7,3.8951647659574467,4.765176
50000.0,81,22971,1044.3950617283951,2.2968689E7,3.8281148333333337,0.676768
51000.0,174,23145,1035.6494252873563,2.3148892E7,3.77941093877551,1.441624
52000.0,589,23734,1031.5993208828522,2.3756504E7,3.80104064,4.860896
53000.0,226,23960,928.7433628318585,2.39664E7,3.7594352941176474,1.679168
54000.0,90,24050,913.3666666666667,2.4048603E7,3.6997850769230767,0.657624
55000.0,245,24295,964.4,2.4284881E7,3.6656424150943394,1.890224
56000.0,501,24796,998.2594810379242,2.4785009E7,3.671853185185185,4.001024
57000.0,682,25478,1037.016129032258,2.5492254E7,3.7079642181818184,5.65796
58000.0,679,26157,992.1075110456554,2.6165895E7,3.737985,5.389128
59000.0,151,26308,1013.3774834437086,2.6318915E7,3.693882807017544,1.22416
60000.0,347,26655,973.0662824207493,2.6656569E7,3.6767681379310346,2.701232
