time[ms],#packets last interval,#packets overall,overall avrg. packetsize [byte],overall sum packetsize [byte],overall thrp [Mb/s],thrp last interval [Mb/s]
2000.0,0,0,NaN,0.0,NaN,NaN
3000.0,1108,1108,1046.0830324909748,1159060.0,9.27248,9.27248
4000.0,478,1586,986.5397489539749,1630626.0,6.522504,3.772528
5000.0,1368,2954,996.2529239766081,2993500.0,7.982666666666667,10.902992
6000.0,489,3443,977.2453987730062,3471373.0,6.942746,3.822984
7000.0,475,3918,1030.1368421052632,3960688.0,6.3371008,3.91452
8000.0,225,4143,958.4266666666666,4176334.0,5.568445333333333,1.725168
9000.0,540,4683,1015.9759259259259,4724961.0,5.399955428571428,4.389016
10000.0,641,5324,1012.616224648986,5374048.0,5.374048,5.192696
11000.0,84,5408,1169.1666666666667,5472258.0,4.864229333333334,0.78568
12000.0,587,5995,993.1260647359455,6055223.0,4.8441784,4.66372
13000.0,489,6484,997.678936605317,6543088.0,4.7586094545454545,3.90292
14000.0,222,6706,974.7657657657658,6759486.0,4.506324,1.731184
15000.0,480,7186,998.2041666666667,7238624.0,4.454537846153846,3.833104
16000.0,116,7302,967.0258620689655,7350799.0,4.200456571428572,0.8974
17000.0,1192,8494,1008.4312080536913,8552849.0,4.561519466666667,9.6164
18000.0,444,8938,1015.7094594594595,9003824.0,4.501912,3.6078
19000.0,548,9486,970.3375912408759,9535569.0,4.487326588235295,4.25396
20000.0,309,9795,1057.0032362459547,9862183.0,4.383192444444445,2.612912
21000.0,1048,10843,1010.6393129770993,1.0921333E7,4.598456,8.4732
22000.0,113,10956,1027.1769911504425,1.1037404E7,4.4149616,0.928568
23000.0,456,11412,1016.9890350877193,1.1501151E7,4.381390857142858,3.709976
24000.0,341,11753,1005.6480938416422,1.1844077E7,4.3069370909090905,2.743408
25000.0,920,12673,1024.763043478261,1.2786859E7,4.447603130434782,7.542256
26000.0,777,13450,1015.8429858429859,1.3576169E7,4.525389666666667,6.31448
27000.0,489,13939,993.9345603271984,1.4062203E7,4.49990496,3.888272
28000.0,18,13957,943.2777777777778,1.4079182E7,4.332056,0.135832
29000.0,1035,14992,1022.4859903381642,1.5137455E7,4.4851718518518515,8.466184
30000.0,436,15428,1046.7752293577983,1.5593849E7,4.455385428571429,3.6511520000000006
31000.0,193,15621,1014.8756476683938,1.578972E7,4.3557848275862066,1.566968
32000.0,886,16507,986.4943566591422,1.6663754E7,4.443667733333333,6.992272
33000.0,29,16536,948.1034482758621,1.6691249E7,4.307419096774193,0.21996
34000.0,718,17254,1022.6434540389972,1.7425507E7,4.35637675,5.874064
35000.0,723,17977,988.6915629322268,1.8140331E7,4.397656,5.718592
36000.0,130,18107,987.0538461538462,1.8268648E7,4.2985054117647055,1.026536
37000.0,124,18231,1021.508064516129,1.8395315E7,4.204643428571428,1.013336
38000.0,68,18299,1016.2205882352941,1.8464418E7,4.103204,0.552824
39000.0,873,19172,1021.3997709049255,1.93561E7,4.185102702702703,7.133456
40000.0,279,19451,930.9856630824373,1.9615845E7,4.129651578947368,2.07796
41000.0,584,20035,989.2962328767123,2.0193594E7,4.142275692307692,4.621992
42000.0,288,20323,1020.9166666666666,2.0487618E7,4.097523600000001,2.352192
43000.0,245,20568,995.6408163265306,2.073155E7,4.045180487804878,1.951456
44000.0,400,20968,967.22,2.1118438E7,4.022559619047619,3.095104
45000.0,475,21443,975.421052631579,2.1581763E7,4.015211720930232,3.7066
46000.0,2109,23552,993.5609293504031,2.3677183E7,4.304942363636363,16.76336
47000.0,45,23597,909.1111111111111,2.3718093E7,4.216549866666666,0.32728
48000.0,557,24154,984.9443447037702,2.4266707E7,4.2202968695652165,4.388912
49000.0,1178,25332,1006.616298811545,2.5452501E7,4.332340595744681,9.486352
50000.0,85,25417,927.3294117647059,2.5531324E7,4.255220666666667,0.630584
51000.0,159,25576,1017.1509433962265,2.5693051E7,4.194783836734694,1.293816
52000.0,654,26230,1004.1941896024465,2.6349794E7,4.21596704,5.253944
53000.0,250,26480,1000.732,2.6599977E7,4.172545411764706,2.001464
54000.0,396,26876,938.0984848484849,2.6971464E7,4.149456,2.971896
55000.0,1691,28567,976.0946185688941,2.862204E7,4.320307924528302,13.204608
56000.0,406,28973,1019.0418719211823,2.9035771E7,4.301595703703703,3.309848
57000.0,14,28987,836.5714285714286,2.9047483E7,4.225088436363635,0.093696
58000.0,855,29842,969.4865497076023,2.9876394E7,4.268056285714286,6.631288
59000.0,896,30738,1013.9933035714286,3.0784932E7,4.320692210526316,7.268304
60000.0,301,31039,963.2890365448505,3.1074882E7,4.286190620689656,2.3196
