time[ms],#packets last interval,#packets overall,overall avrg. packetsize [byte],overall sum packetsize [byte],overall thrp [Mb/s],thrp last interval [Mb/s]
2000.0,0,0,NaN,0.0,NaN,NaN
3000.0,343,343,999.1632653061224,342713.0,2.741704,2.741704
4000.0,457,800,1052.3916849015318,823656.0,3.294624,3.847544
5000.0,153,953,977.2352941176471,973173.0,2.595128,1.196136
6000.0,506,1459,1015.8577075098814,1487197.0,2.974394,4.112192
7000.0,479,1938,959.5010438413361,1946798.0,3.1148768,3.676808
8000.0,82,2020,969.060975609756,2026261.0,2.7016813333333336,0.635704
9000.0,492,2512,957.1422764227642,2497175.0,2.8539142857142856,3.767312
10000.0,1974,4486,1013.0435663627153,4496923.0,4.496923,15.997984
11000.0,66,4552,996.2878787878788,4562678.0,4.055713777777778,0.52604
12000.0,348,4900,1065.344827586207,4933418.0,3.9467344,2.96592
13000.0,791,5691,986.2566371681415,5713547.0,4.15530690909091,6.241032
14000.0,663,6354,981.4404223227752,6364242.0,4.242828,5.20556
15000.0,65,6419,1079.2923076923078,6434396.0,3.959628307692308,0.561232
16000.0,776,7195,1026.4136597938145,7230893.0,4.131938857142857,6.371976000000001
17000.0,489,7684,972.1349693251534,7706267.0,4.110009066666667,3.802992
18000.0,734,8418,973.41689373297,8420755.0,4.2103775,5.715904
19000.0,461,8879,974.4295010845987,8869967.0,4.174102117647059,3.593696
20000.0,29,8908,1093.4827586206898,8901678.0,3.9563013333333337,0.253688
21000.0,852,9760,1028.9823943661972,9778371.0,4.117208842105263,7.013544
22000.0,761,10521,999.3574244415244,1.0538882E7,4.215552800000001,6.084088
23000.0,281,10802,957.576512455516,1.0807961E7,4.1173184761904755,2.152632
24000.0,974,11776,1009.694045174538,1.1791403E7,4.287782909090909,7.867536
25000.0,105,11881,963.0761904761905,1.1892526E7,4.136530782608696,0.808984
26000.0,318,12199,985.4559748427673,1.2205901E7,4.068633666666667,2.507
27000.0,628,12827,983.7850318471337,1.2823718E7,4.10358976,4.942536
28000.0,19,12846,866.3684210526316,1.2840179E7,3.9508243076923075,0.131688
29000.0,1640,14486,1002.3329268292683,1.4484005E7,4.2915570370370375,13.150608
30000.0,708,15194,1009.611581920904,1.519881E7,4.342517142857143,5.71844
31000.0,400,15594,992.1625,1.5595675E7,4.302255172413793,3.17492
32000.0,878,16472,997.8428246013667,1.6471781E7,4.392474933333332,7.008848
33000.0,237,16709,1050.2742616033756,1.6720696E7,4.315018322580645,1.9913200000000002
34000.0,139,16848,1006.2158273381295,1.686056E7,4.21514,1.118912
35000.0,737,17585,978.7082767978291,1.7581868E7,4.2622710303030305,5.770464
36000.0,1186,18771,997.5446880269815,1.8764956E7,4.415283764705882,9.464704
37000.0,119,18890,1055.8991596638655,1.8890608E7,4.317853257142857,1.0052159999999999
38000.0,355,19245,1016.574647887324,1.9251492E7,4.278109333333334,2.887072
39000.0,846,20091,976.9007092198582,2.007795E7,4.341178378378379,6.611664
40000.0,274,20365,1049.35401459854,2.0365473E7,4.287468,2.300184
41000.0,221,20586,1107.0090497737556,2.0610122E7,4.227717333333333,1.9571919999999998
42000.0,1307,21893,987.1086457536343,2.1900273E7,4.3800546,10.321208
43000.0,278,22171,984.8705035971223,2.2174067E7,4.326647219512195,2.190352
44000.0,436,22607,949.5275229357799,2.2588061E7,4.302487809523809,3.311952
45000.0,456,23063,985.8179824561404,2.3037594E7,4.286064,3.596264
46000.0,162,23225,953.4074074074074,2.3192046E7,4.216735636363636,1.235616
47000.0,408,23633,1023.2107843137255,2.3609516E7,4.197247288888889,3.33976
48000.0,630,24263,987.4619047619047,2.4231617E7,4.214194260869565,4.976808
49000.0,439,24702,962.3143507972666,2.4654073E7,4.196437957446809,3.379648
50000.0,89,24791,1035.4943820224719,2.4746232E7,4.124372,0.737272
51000.0,301,25092,1027.1594684385382,2.5055407E7,4.090678693877551,2.4734
52000.0,745,25837,987.6590604026845,2.5791213E7,4.12659408,5.886448
53000.0,352,26189,1068.6193181818182,2.6167367E7,4.104685019607843,3.009232
54000.0,1049,27238,1012.5452812202097,2.7229527E7,4.189158000000001,8.49728
55000.0,522,27760,1028.787356321839,2.7766554E7,4.191177962264151,4.296216
56000.0,448,28208,981.25,2.8206154E7,4.178689481481482,3.5168
57000.0,691,28899,966.3357452966715,2.8873892E7,4.199838836363637,5.341904
58000.0,217,29116,981.147465437788,2.9086801E7,4.155257285714286,1.703272
59000.0,137,29253,951.7591240875912,2.9217192E7,4.100658526315789,1.043128
60000.0,366,29619,986.1256830601093,2.9578114E7,4.0797398620689656,2.887376
