%=============================================================================================================================
% Result "thrp_SA4_DA5_AC1_ID_57_saturation__End". Fri Dec 06 15:13:59 CET 2024.
%-----------------------------------------------------------------------------------------------------------------------------
% (0) time[ms] | (1) #packets last interval | (2) #packets overall | (3) overall avrg. packetsize [byte] | (4) overall sum packetsize [byte] | (5) overall thrp [Mb/s] | (6) thrp last interval [Mb/s]
%=============================================================================================================================
result_thrp_SA4_DA5_AC1_ID_57_saturation__End = [
2000.0	0	0	NaN	0.0	NaN	NaN
3000.0	185	185	1025.4378378378378	189706.0	1.517648	1.517648
4000.0	113	298	940.9911504424779	296038.0	1.184152	0.850656
5000.0	579	877	980.6217616580311	863818.0	2.3035146666666666	4.54224
6000.0	1048	1925	990.1393129770993	1901484.0	3.802968	8.301328
7000.0	753	2678	996.7370517928287	2652027.0	4.2432432	6.004344
8000.0	634	3312	1007.6782334384858	3290895.0	4.38786	5.110944
9000.0	730	4042	1026.664383561644	4040360.0	4.617554285714285	5.995720000000001
10000.0	891	4933	1003.1346801346801	4934153.0	4.934153	7.150344
11000.0	741	5674	995.6828609986504	5671954.0	5.041736888888889	5.902408
12000.0	691	6365	1010.0767004341534	6369917.0	5.0959336	5.583704
13000.0	677	7042	976.3087149187593	7030878.0	5.113365818181818	5.287688
14000.0	779	7821	1000.3889602053915	7810181.0	5.206787333333334	6.234424
15000.0	575	8396	1015.3652173913043	8394016.0	5.165548307692307	4.67068
16000.0	687	9083	979.5356622998545	9066957.0	5.181118285714286	5.383528
17000.0	706	9789	1019.800283286119	9786936.0	5.2196992	5.759832
18000.0	786	10575	1003.1272264631043	1.0575394E7	5.287697	6.307664
19000.0	594	11169	1024.513468013468	1.1183955E7	5.263037647058823	4.868487999999999
20000.0	594	11763	972.5942760942761	1.1761676E7	5.227411555555555	4.621768
21000.0	870	12633	1017.0402298850574	1.2646501E7	5.3248425263157895	7.0786
22000.0	747	13380	1011.9692101740294	1.3402442E7	5.3609768	6.047528
23000.0	547	13927	1033.3784277879342	1.39677E7	5.321028571428571	4.522064
24000.0	659	14586	978.7071320182094	1.4612668E7	5.313697454545454	5.159744
25000.0	850	15436	1012.7435294117647	1.54735E7	5.382086956521739	6.886656
26000.0	863	16299	998.1541135573581	1.6334907E7	5.444969	6.891256
27000.0	753	17052	1013.3134130146083	1.7097932E7	5.471338240000001	6.1042
28000.0	948	18000	1042.642405063291	1.8086357E7	5.565032923076923	7.9074
29000.0	1296	19296	1001.0131172839506	1.938367E7	5.743309629629629	10.378504
30000.0	1059	20355	990.300283286119	2.0432398E7	5.837828	8.389824
31000.0	725	21080	1021.2579310344828	2.117281E7	5.840775172413793	5.923296
32000.0	1282	22362	983.9251170046801	2.2434202E7	5.982453866666667	10.091136
33000.0	1024	23386	999.0234375	2.3457202E7	6.053471483870968	8.184
34000.0	867	24253	980.9365628604382	2.4307674E7	6.0769185	6.803776
35000.0	896	25149	965.171875	2.5172468E7	6.102416484848486	6.918352
36000.0	1249	26398	1021.2642113690953	2.6448027E7	6.2230651764705875	10.204472
37000.0	608	27006	998.3026315789474	2.7054995E7	6.183998857142857	4.855744
38000.0	644	27650	964.889751552795	2.7676384E7	6.150307555555555	4.971112
39000.0	707	28357	983.0905233380481	2.8371429E7	6.134363027027026	5.56036
40000.0	735	29092	1012.5986394557823	2.9115689E7	6.129618736842105	5.95408
41000.0	778	29870	994.9151670951156	2.9889733E7	6.131227282051282	6.192352
42000.0	764	30634	1015.3193717277487	3.0665437E7	6.1330874	6.205632
43000.0	732	31366	974.639344262295	3.1378873E7	6.122706926829268	5.707488
44000.0	719	32085	992.4353268428373	3.2092434E7	6.112844571428572	5.708488
45000.0	633	32718	995.5292259083728	3.2722604E7	6.087926325581396	5.04136
46000.0	623	33341	992.6950240770466	3.3341053E7	6.062009636363637	4.947592
47000.0	185	33526	974.5135135135135	3.3521338E7	5.959348977777777	1.44228
48000.0	531	34057	983.8418079096045	3.4043758E7	5.920653565217392	4.17936
49000.0	624	34681	1074.0096153846155	3.471394E7	5.908755744680851	5.361456
50000.0	106	34787	946.3867924528302	3.4814257E7	5.802376166666667	0.802536
51000.0	560	35347	1020.2017857142857	3.538557E7	5.777235918367347	4.570504
52000.0	99	35446	981.8585858585859	3.5482774E7	5.67724384	0.777632
53000.0	117	35563	936.6837606837607	3.5592366E7	5.583116235294118	0.876736
54000.0	84	35647	1002.6428571428571	3.5676588E7	5.488705846153846	0.673776
55000.0	100	35747	980.13	3.5774601E7	5.399939773584906	0.784104
56000.0	123	35870	957.0325203252032	3.5892316E7	5.317380148148147	0.94172
57000.0	894	36764	1010.2863534675615	3.6795512E7	5.352074472727273	7.225568
58000.0	743	37507	1005.6096904441454	3.754268E7	5.36324	5.977344
59000.0	918	38425	1015.9008714596949	3.8475277E7	5.400038877192983	7.460776
60000.0	1123	39548	995.7426536064114	3.9593496E7	5.461171862068965	8.945752
]; % Fri Dec 06 15:14:20 CET 2024
