time[ms],#packets last interval,#packets overall,overall avrg. packetsize [byte],overall sum packetsize [byte],overall thrp [Mb/s],thrp last interval [Mb/s]
2000.0,0,0,NaN,0.0,NaN,NaN
3000.0,71,71,852.943661971831,60559.0,0.484472,0.484472
4000.0,83,154,1050.3734939759036,147740.0,0.59096,0.697448
5000.0,42,196,933.3571428571429,186941.0,0.49850933333333336,0.313608
6000.0,34,230,904.9705882352941,217710.0,0.43542,0.246152
7000.0,84,314,1045.3095238095239,305516.0,0.4888256,0.702448
8000.0,55,369,1074.4,364608.0,0.486144,0.47273600000000005
9000.0,28,397,1065.5,394442.0,0.45079085714285716,0.238672
10000.0,65,462,974.8307692307692,457806.0,0.457806,0.506912
11000.0,51,513,860.5294117647059,501693.0,0.44594933333333336,0.351096
12000.0,64,577,978.359375,564308.0,0.45144639999999997,0.50092
13000.0,77,654,1058.5324675324675,645815.0,0.46968363636363636,0.652056
14000.0,70,724,892.7714285714286,708309.0,0.472206,0.499952
15000.0,51,775,951.9215686274509,756857.0,0.4657581538461539,0.388384
16000.0,59,834,1002.2203389830509,815988.0,0.46627885714285716,0.473048
17000.0,40,874,1063.95,858546.0,0.4578912,0.340464
18000.0,60,934,925.1166666666667,914053.0,0.4570265,0.444056
19000.0,78,1012,986.2307692307693,990979.0,0.4663430588235294,0.615408
20000.0,99,1111,1059.6969696969697,1095889.0,0.48706177777777776,0.83928
21000.0,80,1191,1004.175,1176223.0,0.4952517894736842,0.642672
22000.0,71,1262,958.0140845070423,1244242.0,0.4976968,0.544152
23000.0,61,1323,1022.6229508196722,1306622.0,0.4977607619047619,0.49904
24000.0,69,1392,1022.1014492753624,1377147.0,0.5007807272727273,0.5642
25000.0,113,1505,926.7699115044247,1481872.0,0.5154337391304348,0.8378
26000.0,62,1567,1009.6774193548387,1544472.0,0.514824,0.5008
27000.0,61,1628,1030.4426229508197,1607329.0,0.51434528,0.502856
28000.0,61,1689,958.7540983606557,1665813.0,0.5125578461538461,0.467872
29000.0,57,1746,987.3684210526316,1722093.0,0.5102497777777778,0.45024
30000.0,80,1826,1025.45,1804129.0,0.5154654285714286,0.656288
31000.0,83,1909,951.8192771084338,1883130.0,0.5194841379310345,0.632008
32000.0,47,1956,913.6170212765958,1926070.0,0.5136186666666667,0.34352
33000.0,88,2044,1028.7613636363637,2016601.0,0.5204131612903226,0.7242480000000001
34000.0,65,2109,1016.3384615384615,2082663.0,0.52066575,0.528496
35000.0,58,2167,985.5172413793103,2139823.0,0.5187449696969697,0.45728
36000.0,67,2234,1073.7611940298507,2211765.0,0.5204152941176471,0.575536
37000.0,68,2302,941.5,2275787.0,0.5201798857142856,0.512176
38000.0,52,2354,994.2307692307693,2327487.0,0.5172193333333334,0.4136
39000.0,78,2432,1023.0769230769231,2407287.0,0.5204944864864866,0.6384
40000.0,23,2455,1042.0869565217392,2431255.0,0.5118431578947369,0.19174400000000003
41000.0,60,2515,915.7833333333333,2486202.0,0.5099901538461539,0.439576
42000.0,58,2573,1016.8448275862069,2545179.0,0.5090358,0.471816
43000.0,58,2631,985.4310344827586,2602334.0,0.507772487804878,0.45724
44000.0,53,2684,993.8301886792453,2655007.0,0.5057156190476191,0.421384
45000.0,74,2758,970.9324324324324,2726856.0,0.5073220465116279,0.574792
46000.0,52,2810,928.9038461538462,2775159.0,0.5045743636363635,0.386424
47000.0,66,2876,1009.0,2841753.0,0.5052005333333334,0.532752
48000.0,45,2921,1017.4666666666667,2887539.0,0.5021806956521739,0.366288
49000.0,58,2979,947.7241379310345,2942507.0,0.5008522553191489,0.439744
50000.0,77,3056,992.2077922077922,3018907.0,0.5031511666666666,0.6112
51000.0,67,3123,883.4925373134329,3078101.0,0.5025471020408163,0.473552
52000.0,69,3192,1068.840579710145,3151851.0,0.50429616,0.59
53000.0,71,3263,1010.1830985915493,3223574.0,0.5056586666666666,0.573784
54000.0,59,3322,941.8135593220339,3279141.0,0.5044832307692307,0.444536
55000.0,68,3390,1072.1764705882354,3352049.0,0.5059696603773585,0.583264
56000.0,57,3447,1080.561403508772,3413641.0,0.5057245925925926,0.492736
57000.0,52,3499,981.3846153846154,3464673.0,0.5039524363636363,0.408256
58000.0,65,3564,1071.3692307692309,3534312.0,0.5049017142857143,0.557112
59000.0,70,3634,1045.557142857143,3607501.0,0.5063159298245614,0.585512
60000.0,67,3701,873.3731343283582,3666017.0,0.5056575172413793,0.468128
