time[ms],#packets last interval,#packets overall,overall avrg. packetsize [byte],overall sum packetsize [byte],overall thrp [Mb/s],thrp last interval [Mb/s]
2000.0,0,0,NaN,0.0,NaN,NaN
3000.0,55,55,994.4909090909091,54697.0,0.437576,0.437576
4000.0,51,106,1109.9019607843138,111302.0,0.445208,0.4528400000000001
5000.0,77,183,942.1038961038961,183844.0,0.49025066666666667,0.580336
6000.0,62,245,979.4516129032259,244570.0,0.48914,0.485808
7000.0,33,278,784.0909090909091,270445.0,0.432712,0.207
8000.0,64,342,954.875,331557.0,0.442076,0.488896
9000.0,68,410,1029.6029411764705,401570.0,0.4589371428571429,0.560104
10000.0,69,479,1148.144927536232,480792.0,0.480792,0.633776
11000.0,71,550,918.5915492957746,546012.0,0.485344,0.52176
12000.0,76,626,984.7236842105264,620851.0,0.4966808,0.598712
13000.0,30,656,921.3666666666667,648492.0,0.4716305454545454,0.221128
14000.0,98,754,976.3775510204082,744177.0,0.496118,0.76548
15000.0,92,846,980.1086956521739,834347.0,0.5134443076923076,0.72136
16000.0,52,898,985.9615384615385,885617.0,0.5060668571428572,0.41016
17000.0,69,967,897.4782608695652,947543.0,0.5053562666666667,0.495408
18000.0,94,1061,1074.712765957447,1048566.0,0.524283,0.8081840000000001
19000.0,78,1139,943.6153846153846,1122168.0,0.5280790588235293,0.588816
20000.0,44,1183,1086.7954545454545,1169987.0,0.5199942222222222,0.382552
21000.0,43,1226,1095.6744186046512,1217101.0,0.5124635789473684,0.376912
22000.0,91,1317,1134.7362637362637,1320362.0,0.5281448000000001,0.826088
23000.0,81,1398,972.641975308642,1399146.0,0.533008,0.630272
24000.0,93,1491,946.4623655913979,1487167.0,0.540788,0.704168
25000.0,79,1570,991.0759493670886,1565462.0,0.5445085217391303,0.62636
26000.0,71,1641,1031.1690140845071,1638675.0,0.546225,0.585704
27000.0,67,1708,940.0,1701655.0,0.5445296,0.50384
28000.0,67,1775,1123.0,1776896.0,0.5467372307692308,0.601928
29000.0,91,1866,971.5494505494505,1865307.0,0.5526835555555556,0.707288
30000.0,70,1936,960.9428571428572,1932573.0,0.5521637142857143,0.538128
31000.0,56,1992,935.0,1984933.0,0.547567724137931,0.41888
32000.0,66,2058,948.5,2047534.0,0.5460090666666666,0.500808
33000.0,69,2127,946.7391304347826,2112859.0,0.5452539354838709,0.5226
34000.0,61,2188,1048.8360655737704,2176838.0,0.5442095,0.511832
35000.0,54,2242,945.7037037037037,2227906.0,0.5400984242424242,0.408544
36000.0,80,2322,1001.3125,2308011.0,0.5430614117647059,0.64084
37000.0,70,2392,1080.557142857143,2383650.0,0.5448342857142857,0.605112
38000.0,66,2458,1083.1363636363637,2455137.0,0.545586,0.571896
39000.0,66,2524,910.1060606060606,2515204.0,0.543827891891892,0.480536
40000.0,71,2595,1039.943661971831,2589040.0,0.545061052631579,0.590688
41000.0,64,2659,876.671875,2645147.0,0.5425942564102564,0.448856
42000.0,62,2721,1023.3709677419355,2708596.0,0.5417192,0.507592
43000.0,47,2768,1060.3617021276596,2758433.0,0.5382308292682928,0.398696
44000.0,62,2830,890.4677419354839,2813642.0,0.5359318095238096,0.441672
45000.0,68,2898,1077.1323529411766,2886887.0,0.5370952558139535,0.58596
46000.0,60,2958,993.9833333333333,2946526.0,0.535732,0.477112
47000.0,79,3037,913.1392405063291,3018664.0,0.5366513777777777,0.577104
48000.0,70,3107,953.9857142857143,3085443.0,0.5365987826086955,0.534232
49000.0,55,3162,1024.5636363636363,3141794.0,0.5347734468085106,0.450808
50000.0,63,3225,1095.7301587301588,3210825.0,0.5351375,0.552248
51000.0,62,3287,1021.8064516129032,3274177.0,0.5345595102040817,0.506816
52000.0,65,3352,1047.1692307692308,3342243.0,0.53475888,0.544528
53000.0,70,3422,1006.4428571428572,3412694.0,0.5353245490196078,0.563608
54000.0,46,3468,1079.5217391304348,3462352.0,0.5326695384615384,0.397264
55000.0,61,3529,1068.7704918032787,3527547.0,0.5324599245283019,0.52156
56000.0,42,3571,955.452380952381,3567676.0,0.5285445925925926,0.321032
57000.0,61,3632,967.1147540983607,3626670.0,0.5275156363636365,0.471952
58000.0,124,3756,936.5241935483871,3742799.0,0.5346855714285713,0.929032
59000.0,57,3813,908.5438596491229,3794586.0,0.5325734736842106,0.414296
60000.0,55,3868,1028.7818181818182,3851169.0,0.531195724137931,0.452664
