%=============================================================================================================================
% Result "thrp_SA6_DA4_AC1_ID_85_saturation__End". Fri Dec 06 15:13:59 CET 2024.
%-----------------------------------------------------------------------------------------------------------------------------
% (0) time[ms] | (1) #packets last interval | (2) #packets overall | (3) overall avrg. packetsize [byte] | (4) overall sum packetsize [byte] | (5) overall thrp [Mb/s] | (6) thrp last interval [Mb/s]
%=============================================================================================================================
result_thrp_SA6_DA4_AC1_ID_85_saturation__End = [
2000.0	0	0	NaN	0.0	NaN	NaN
3000.0	192	192	1117.453125	214551.0	1.716408	1.716408
4000.0	94	286	1019.5851063829788	310392.0	1.241568	0.766728
5000.0	656	942	989.015243902439	959186.0	2.557829333333333	5.190352
6000.0	939	1881	1005.0649627263045	1902942.0	3.805884	7.550048
7000.0	615	2496	1010.3382113821139	2524300.0	4.03888	4.970864
8000.0	580	3076	995.6810344827586	3101795.0	4.135726666666667	4.61996
9000.0	773	3849	1013.3596377749029	3885122.0	4.440139428571429	6.266616
10000.0	1029	4878	969.8095238095239	4883056.0	4.883056	7.983472
11000.0	633	5511	990.8167456556082	5510243.0	4.897993777777778	5.017496
12000.0	456	5967	1021.3552631578947	5975981.0	4.780784800000001	3.725904
13000.0	697	6664	991.3271162123386	6666936.0	4.848680727272727	5.52764
14000.0	757	7421	976.5363276089828	7406174.0	4.937449333333333	5.913904
15000.0	623	8044	1016.3756019261638	8039376.0	4.947308307692308	5.065616
16000.0	502	8546	971.9282868525896	8527284.0	4.872733714285714	3.903264
17000.0	709	9255	971.0183356840621	9215736.0	4.915059199999999	5.507616
18000.0	873	10128	1007.6414662084766	1.0095407E7	5.0477035	7.037368
19000.0	676	10804	977.0828402366864	1.0755915E7	5.06160705882353	5.284064
20000.0	511	11315	1002.6242661448141	1.1268256E7	5.008113777777778	4.098728
21000.0	758	12073	988.0910290237467	1.2017229E7	5.0598858947368415	5.991784
22000.0	813	12886	991.2238622386224	1.2823094E7	5.129237600000001	6.44692
23000.0	595	13481	969.4974789915966	1.3399945E7	5.104740952380952	4.614808
24000.0	795	14276	989.5811320754717	1.4186662E7	5.158786181818182	6.293736
25000.0	770	15046	1023.7701298701298	1.4974965E7	5.208683478260869	6.306424
26000.0	775	15821	993.5690322580646	1.5744981E7	5.248327	6.160128
27000.0	661	16482	1001.3767019667171	1.6406891E7	5.2502051199999995	5.29528
28000.0	1017	17499	1007.9065880039332	1.7431932E7	5.363671384615384	8.200328
29000.0	1277	18776	988.7642913077525	1.8694584E7	5.539136	10.101216
30000.0	905	19681	995.9348066298343	1.9595905E7	5.59883	7.210568
31000.0	850	20531	1010.5976470588236	2.0454913E7	5.642734620689656	6.872064
32000.0	1353	21884	995.9009608277901	2.1802367E7	5.813964533333334	10.779632
33000.0	863	22747	1006.03707995365	2.2670577E7	5.850471483870968	6.94568
34000.0	663	23410	1035.3514328808446	2.3357015E7	5.83925375	5.491504
35000.0	1019	24429	1018.7556427870461	2.4395127E7	5.913970181818182	8.304896
36000.0	1280	25709	978.28125	2.5647327E7	6.034665176470589	10.0176
37000.0	660	26369	1020.0	2.6320527E7	6.016120457142857	5.3856
38000.0	439	26808	1009.5398633257403	2.6763715E7	5.947492222222222	3.545504
39000.0	624	27432	1003.6233974358975	2.7389976E7	5.922156972972973	5.010088
40000.0	618	28050	998.3721682847896	2.800697E7	5.8962042105263155	4.935952
41000.0	767	28817	979.0886571056062	2.8757931E7	5.899062769230769	6.007688
42000.0	661	29478	1022.2208774583963	2.9433619E7	5.8867237999999995	5.405504
43000.0	709	30187	981.3314527503526	3.0129383E7	5.878904	5.566112
44000.0	869	31056	1010.5397008055236	3.1007542E7	5.906198476190475	7.025272
45000.0	653	31709	1052.874425727412	3.1695069E7	5.896757023255814	5.500216
46000.0	616	32325	996.2305194805194	3.2308747E7	5.874317636363637	4.909424
47000.0	216	32541	954.6620370370371	3.2514954E7	5.780436266666666	1.649656
48000.0	535	33076	998.1532710280374	3.3048966E7	5.7476462608695655	4.272096
49000.0	625	33701	1003.2672	3.3676008E7	5.7320864680851065	5.016336
50000.0	122	33823	977.8934426229508	3.3795311E7	5.632551833333333	0.954424
51000.0	854	34677	975.5339578454333	3.4628417E7	5.653619102040816	6.664848
52000.0	3209	37886	1002.1785602991586	3.7844408E7	6.055105279999999	25.727928
53000.0	1138	39024	991.1660808435853	3.8972355E7	6.113310588235294	9.023576
54000.0	1094	40118	1001.6946983546618	4.0068209E7	6.164339846153846	8.766832
55000.0	1858	41976	1003.4467168998924	4.1932613E7	6.329451018867924	14.915232
56000.0	3185	45161	1011.4248037676609	4.5154001E7	6.68948162962963	25.771104
57000.0	94	45255	924.6170212765958	4.5240915E7	6.5804967272727275	0.695312
58000.0	84	45339	982.5238095238095	4.5323447E7	6.474778142857143	0.660256
59000.0	99	45438	989.5858585858585	4.5421416E7	6.374935578947368	0.783752
60000.0	85	45523	958.8235294117648	4.5502916E7	6.276264275862069	0.652
]; % Fri Dec 06 15:14:20 CET 2024
