time[ms],#packets last interval,#packets overall,overall avrg. packetsize [byte],overall sum packetsize [byte],overall thrp [Mb/s],thrp last interval [Mb/s]
2000.0,0,0,NaN,0.0,NaN,NaN
3000.0,70,70,970.9857142857143,67969.0,0.543752,0.543752
4000.0,43,113,953.8139534883721,108983.0,0.435932,0.328112
5000.0,92,205,1042.6630434782608,204908.0,0.5464213333333334,0.7673999999999999
6000.0,84,289,969.6547619047619,286359.0,0.572718,0.651608
7000.0,86,375,998.5697674418604,372236.0,0.5955775999999999,0.687016
8000.0,107,482,1043.2429906542056,483863.0,0.6451506666666667,0.893016
9000.0,90,572,1157.0777777777778,588000.0,0.672,0.833096
10000.0,44,616,1164.4772727272727,639237.0,0.639237,0.409896
11000.0,60,676,986.95,698454.0,0.620848,0.473736
12000.0,95,771,992.1684210526316,792710.0,0.634168,0.754048
13000.0,88,859,951.7272727272727,876462.0,0.6374269090909092,0.670016
14000.0,72,931,881.7638888888889,939949.0,0.6266326666666666,0.507896
15000.0,83,1014,997.2409638554217,1022720.0,0.6293661538461538,0.662168
16000.0,65,1079,1026.7692307692307,1089460.0,0.6225485714285715,0.53392
17000.0,73,1152,1224.6438356164383,1178859.0,0.6287248,0.715192
18000.0,73,1225,1071.123287671233,1257051.0,0.6285255,0.625536
19000.0,36,1261,940.8333333333334,1290921.0,0.6074922352941177,0.27096
20000.0,47,1308,1048.276595744681,1340190.0,0.59564,0.394152
21000.0,47,1355,1045.2340425531916,1389316.0,0.5849751578947369,0.393008
22000.0,49,1404,1016.9591836734694,1439147.0,0.5756588,0.398648
23000.0,53,1457,1052.754716981132,1494943.0,0.5695020952380951,0.446368
24000.0,70,1527,957.0714285714286,1561938.0,0.5679774545454545,0.53596
25000.0,51,1578,824.2745098039215,1603976.0,0.5579046956521739,0.336304
26000.0,54,1632,1082.537037037037,1662433.0,0.5541443333333332,0.46765599999999996
27000.0,73,1705,1060.150684931507,1739824.0,0.5567436800000001,0.619128
28000.0,72,1777,967.6388888888889,1809494.0,0.5567673846153847,0.55736
29000.0,68,1845,1013.1323529411765,1878387.0,0.556559111111111,0.551144
30000.0,60,1905,1041.9166666666667,1940902.0,0.5545434285714286,0.50012
31000.0,82,1987,985.939024390244,2021749.0,0.5577238620689655,0.646776
32000.0,80,2067,948.025,2097591.0,0.5593576000000001,0.606736
33000.0,52,2119,983.9038461538462,2148754.0,0.5545171612903227,0.409304
34000.0,60,2179,1095.8,2214502.0,0.5536255,0.525984
35000.0,90,2269,894.8,2295034.0,0.5563718787878787,0.644256
36000.0,27,2296,969.6296296296297,2321214.0,0.546168,0.20944
37000.0,71,2367,1073.774647887324,2397452.0,0.5479890285714285,0.609904
38000.0,67,2434,872.5074626865671,2455910.0,0.5457577777777778,0.467664
39000.0,71,2505,945.7746478873239,2523060.0,0.5455264864864865,0.5372
40000.0,59,2564,993.0169491525423,2581648.0,0.5435048421052632,0.468704
41000.0,56,2620,938.75,2634218.0,0.5403524102564102,0.42056
42000.0,62,2682,927.5645161290323,2691727.0,0.5383454,0.460072
43000.0,72,2754,1026.513888888889,2765636.0,0.5396362926829269,0.591272
44000.0,65,2819,1106.8615384615384,2837582.0,0.5404918095238095,0.575568
45000.0,53,2872,966.2075471698113,2888791.0,0.537449488372093,0.409672
46000.0,88,2960,946.9204545454545,2972120.0,0.5403854545454546,0.666632
47000.0,59,3019,795.542372881356,3019057.0,0.5367212444444445,0.375496
48000.0,49,3068,1084.5510204081634,3072200.0,0.5342956521739131,0.4251440000000001
49000.0,71,3139,936.2816901408451,3138676.0,0.5342427234042554,0.531808
50000.0,24,3163,994.2083333333334,3162537.0,0.5270895,0.190888
51000.0,55,3218,951.0363636363636,3214844.0,0.5248724897959184,0.418456
52000.0,36,3254,1152.4444444444443,3256332.0,0.5210131199999999,0.331904
53000.0,64,3318,883.5,3312876.0,0.5196668235294117,0.452352
54000.0,52,3370,1129.6153846153845,3371616.0,0.5187101538461538,0.46991999999999995
55000.0,77,3447,1009.6753246753246,3449361.0,0.5206582641509434,0.62196
56000.0,57,3504,1040.6842105263158,3508680.0,0.5198044444444445,0.474552
57000.0,74,3578,1024.3108108108108,3584479.0,0.5213787636363636,0.606392
58000.0,47,3625,917.3191489361702,3627593.0,0.5182275714285715,0.344912
59000.0,56,3681,1027.767857142857,3685148.0,0.5172137543859648,0.46044
60000.0,58,3739,1006.3793103448276,3743518.0,0.5163473103448276,0.46696
