%=============================================================================================================================
% Result "thrp_SA2_DA3_AC1_ID_29_saturation__End". Fri Dec 06 15:13:59 CET 2024.
%-----------------------------------------------------------------------------------------------------------------------------
% (0) time[ms] | (1) #packets last interval | (2) #packets overall | (3) overall avrg. packetsize [byte] | (4) overall sum packetsize [byte] | (5) overall thrp [Mb/s] | (6) thrp last interval [Mb/s]
%=============================================================================================================================
result_thrp_SA2_DA3_AC1_ID_29_saturation__End = [
2000.0	0	0	NaN	0.0	NaN	NaN
3000.0	839	839	990.2026221692491	830780.0	6.64624	6.64624
4000.0	932	1771	971.5343347639486	1736250.0	6.945	7.24376
5000.0	325	2096	1019.8492307692308	2067701.0	5.513869333333333	2.651608
6000.0	23	2119	866.2608695652174	2087625.0	4.17525	0.159392
7000.0	215	2334	1045.125581395349	2312327.0	3.6997231999999998	1.7976160000000003
8000.0	297	2631	1026.6835016835016	2617252.0	3.4896693333333335	2.4394
9000.0	299	2930	1006.8963210702341	2918314.0	3.335216	2.408496
10000.0	26	2956	1156.576923076923	2948385.0	2.948385	0.240568
11000.0	164	3120	1002.640243902439	3112818.0	2.7669493333333337	1.315464
12000.0	349	3469	1002.7936962750716	3462793.0	2.7702344	2.7998
13000.0	438	3907	985.3881278538813	3894393.0	2.8322858181818185	3.4528
14000.0	481	4388	961.4677754677755	4356859.0	2.9045726666666667	3.699728
15000.0	270	4658	1006.3888888888889	4628584.0	2.8483593846153843	2.1738
16000.0	447	5105	1006.5458612975392	5078510.0	2.9020057142857145	3.599408
17000.0	263	5368	1055.277566539924	5356048.0	2.856558933333333	2.220304
18000.0	15	5383	1047.6666666666667	5371763.0	2.6858815	0.12572000000000003
19000.0	441	5824	981.7233560090702	5804703.0	2.731624941176471	3.46352
20000.0	407	6231	932.039312039312	6184043.0	2.7484635555555554	3.03472
21000.0	79	6310	1044.7974683544303	6266582.0	2.638560842105263	0.660312
22000.0	150	6460	1006.94	6417623.0	2.5670491999999996	1.208328
23000.0	403	6863	996.4937965260546	6819210.0	2.597794285714286	3.212696
24000.0	136	6999	906.9632352941177	6942557.0	2.524566181818182	0.986776
25000.0	174	7173	1029.9655172413793	7121771.0	2.477137739130435	1.433712
26000.0	539	7712	958.1410018552875	7638209.0	2.546069666666667	4.131504
27000.0	520	8232	1009.9192307692308	8163367.0	2.6122774399999997	4.201264
28000.0	135	8367	1000.437037037037	8298426.0	2.5533618461538463	1.080472
29000.0	26	8393	1267.8461538461538	8331390.0	2.46856	0.263712
30000.0	609	9002	1023.0032840722496	8954399.0	2.558399714285714	4.984072
31000.0	399	9401	986.5388471177945	9348028.0	2.5787663448275864	3.149032
32000.0	40	9441	1168.625	9394773.0	2.5052728	0.37396
33000.0	546	9987	1031.584249084249	9958018.0	2.5698110967741936	4.50596
34000.0	434	10421	1005.8594470046083	1.0394561E7	2.59864025	3.492344
35000.0	263	10684	984.254752851711	1.065342E7	2.5826472727272725	2.070872
36000.0	146	10830	927.3150684931506	1.0788808E7	2.53854305882353	1.083104
37000.0	190	11020	1018.1368421052632	1.0982254E7	2.5102294857142855	1.547568
38000.0	471	11491	1014.9044585987261	1.1460274E7	2.5467275555555555	3.82416
39000.0	256	11747	972.203125	1.1709158E7	2.5317098378378375	1.991072
40000.0	21	11768	1114.1904761904761	1.1732556E7	2.470011789473684	0.187184
41000.0	259	12027	972.2509652509652	1.1984369E7	2.4583321025641025	2.014504
42000.0	444	12471	1016.3468468468468	1.2435627E7	2.4871254	3.610064
43000.0	310	12781	1065.683870967742	1.2765989E7	2.490924682926829	2.642896
44000.0	113	12894	954.2831858407079	1.2873823E7	2.4521567619047615	0.862672
45000.0	434	13328	985.3087557603686	1.3301447E7	2.474687813953488	3.420992
46000.0	582	13910	992.127147766323	1.3878865E7	2.52343	4.619344
47000.0	549	14459	1049.6174863387978	1.4455105E7	2.5697964444444445	4.60992
48000.0	127	14586	880.8110236220473	1.4566968E7	2.5333857391304346	0.894904
49000.0	784	15370	993.891581632653	1.5346179E7	2.6121155744680853	6.233688
50000.0	1129	16499	990.9211691762622	1.6464929E7	2.7441548333333334	8.95
51000.0	144	16643	1018.0069444444445	1.6611522E7	2.712085224489796	1.172744
52000.0	114	16757	1018.2982456140351	1.6727608E7	2.6764172800000003	0.928688
53000.0	785	17542	980.8458598726114	1.7497572E7	2.744717176470588	6.159712
54000.0	640	18182	1004.5875	1.8140508E7	2.7908473846153847	5.143488
55000.0	102	18284	976.3725490196078	1.8240098E7	2.7532223396226416	0.79672
56000.0	99	18383	923.1111111111111	1.8331486E7	2.7157757037037036	0.731104
57000.0	626	19009	1005.3115015974441	1.8960811E7	2.7579361454545457	5.0346
58000.0	289	19298	1007.598615916955	1.9252007E7	2.7502867142857146	2.329568
59000.0	108	19406	1038.0555555555557	1.9364117E7	2.7177708070175437	0.8968800000000001
60000.0	548	19954	1027.808394160584	1.9927356E7	2.748600827586207	4.505912
]; % Fri Dec 06 15:14:20 CET 2024
