%=============================================================================================================================
% Result "thrp_SA5_DA6_AC1_ID_71_saturation__End". Fri Dec 06 15:13:59 CET 2024.
%-----------------------------------------------------------------------------------------------------------------------------
% (0) time[ms] | (1) #packets last interval | (2) #packets overall | (3) overall avrg. packetsize [byte] | (4) overall sum packetsize [byte] | (5) overall thrp [Mb/s] | (6) thrp last interval [Mb/s]
%=============================================================================================================================
result_thrp_SA5_DA6_AC1_ID_71_saturation__End = [
2000.0	0	0	NaN	0.0	NaN	NaN
3000.0	196	196	1059.0765306122448	207579.0	1.660632	1.660632
4000.0	104	300	988.4903846153846	310382.0	1.241528	0.822424
5000.0	643	943	994.9377916018663	950127.0	2.533672	5.11796
6000.0	920	1863	999.0836956521739	1869284.0	3.738568	7.353256
7000.0	593	2456	974.8263069139966	2447356.0	3.9157696	4.624576
8000.0	682	3138	1040.5307917888563	3156998.0	4.209330666666667	5.677136
9000.0	804	3942	1003.5087064676617	3963819.0	4.530078857142858	6.454568
10000.0	922	4864	1012.9338394793926	4897744.0	4.897744	7.4714
11000.0	726	5590	997.5261707988981	5621948.0	4.997287111111111	5.793632
12000.0	653	6243	966.5926493108728	6253133.0	5.002506400000001	5.04948
13000.0	656	6899	1016.8201219512196	6920167.0	5.032848727272727	5.336272
14000.0	681	7580	971.4787077826726	7581744.0	5.054496	5.292616
15000.0	634	8214	971.6908517350158	8197796.0	5.0447975384615384	4.928416
16000.0	494	8708	965.8461538461538	8674924.0	4.957099428571429	3.817024
17000.0	747	9455	999.9518072289156	9421888.0	5.025006933333333	5.975712
18000.0	870	10325	995.2747126436782	1.0287777E7	5.1438885	6.927112
19000.0	608	10933	1005.0986842105264	1.0898877E7	5.128883294117648	4.8888
20000.0	586	11519	1000.1433447098976	1.1484961E7	5.104427111111111	4.688672
21000.0	733	12252	1003.3615279672579	1.2220425E7	5.145442105263157	5.883712
22000.0	815	13067	1007.6539877300613	1.3041663E7	5.2166652000000004	6.569904
23000.0	685	13752	964.0627737226278	1.3702046E7	5.219827047619048	5.283064
24000.0	704	14456	1039.25	1.4433678E7	5.248610181818182	5.853056
25000.0	854	15310	1016.440281030445	1.5301718E7	5.322336695652174	6.94432
26000.0	272	15582	998.4558823529412	1.5573298E7	5.191099333333334	2.17264
27000.0	41	15623	977.0	1.5613355E7	4.9962736	0.320456
28000.0	95	15718	936.0947368421052	1.5702284E7	4.831472	0.711432
29000.0	157	15875	1011.8216560509554	1.586114E7	4.699597037037037	1.270848
30000.0	74	15949	1056.945945945946	1.5939354E7	4.554101142857142	0.6257120000000002
31000.0	48	15997	869.4375	1.5981087E7	4.40857572413793	0.333864
32000.0	150	16147	1023.5533333333333	1.613462E7	4.302565333333333	1.228264
33000.0	88	16235	1109.590909090909	1.6232264E7	4.18897135483871	0.781152
34000.0	74	16309	1047.837837837838	1.6309804E7	4.077451	0.62032
35000.0	98	16407	1015.1836734693877	1.6409292E7	3.978010181818182	0.795904
36000.0	459	16866	1031.1089324618736	1.6882571E7	3.972369647058823	3.7862319999999996
37000.0	631	17497	1006.2757527733756	1.7517531E7	4.004007085714285	5.07968
38000.0	579	18076	996.3246977547495	1.8094403E7	4.020978444444444	4.614976
39000.0	765	18841	1008.3437908496732	1.8865786E7	4.079088864864865	6.171064
40000.0	611	19452	1000.4124386252046	1.9477038E7	4.100429052631579	4.890016
41000.0	766	20218	1001.0600522193212	2.024385E7	4.152584615384615	6.134496
42000.0	617	20835	990.2301458670988	2.0854822E7	4.1709644	4.887776
43000.0	640	21475	993.725	2.1490806E7	4.193328	5.087872
44000.0	721	22196	979.1581137309292	2.2196779E7	4.2279579047619045	5.647784
45000.0	739	22935	991.8890392422193	2.2929785E7	4.266006511627907	5.864048
46000.0	513	23448	1003.1500974658869	2.3444401E7	4.262618363636364	4.116928
47000.0	154	23602	1000.3961038961039	2.3598462E7	4.1952821333333326	1.232488
48000.0	539	24141	1008.760667903525	2.4142184E7	4.198640695652174	4.349776
49000.0	624	24765	1032.4054487179487	2.4786405E7	4.2189625531914885	5.153768
50000.0	114	24879	937.8333333333334	2.4893318E7	4.1488863333333335	0.855304
51000.0	535	25414	1019.6	2.5438804E7	4.153274122448979	4.363888
52000.0	92	25506	1040.8152173913043	2.5534559E7	4.08552944	0.7660399999999998
53000.0	117	25623	1072.854700854701	2.5660083E7	4.025111058823529	1.0041920000000002
54000.0	76	25699	1006.6052631578947	2.5736585E7	3.9594746153846154	0.612016
55000.0	83	25782	961.6265060240963	2.58164E7	3.8968150943396225	0.63852
56000.0	108	25890	984.1203703703703	2.5922685E7	3.8403977777777776	0.85028
57000.0	949	26839	987.2687038988408	2.6859603E7	3.9068513454545455	7.495344
58000.0	839	27678	992.6543504171633	2.769244E7	3.956062857142857	6.662696
59000.0	1161	28839	997.0723514211886	2.8850041E7	4.049128561403509	9.260808
60000.0	961	29800	999.0853277835588	2.9810162E7	4.111746482758621	7.680968
]; % Fri Dec 06 15:14:20 CET 2024
