time[ms],#packets last interval,#packets overall,overall avrg. packetsize [byte],overall sum packetsize [byte],overall thrp [Mb/s],thrp last interval [Mb/s]
2000.0,0,0,NaN,0.0,NaN,NaN
3000.0,55,55,900.4,49522.0,0.396176,0.396176
4000.0,71,126,945.0281690140845,116619.0,0.466476,0.536776
5000.0,52,178,1062.576923076923,171873.0,0.458328,0.442032
6000.0,65,243,1072.8615384615384,241609.0,0.483218,0.557888
7000.0,57,300,1002.3508771929825,298743.0,0.47798880000000005,0.457072
8000.0,68,368,1005.2205882352941,367098.0,0.489464,0.54684
9000.0,74,442,989.2702702702703,440304.0,0.5032045714285714,0.585648
10000.0,54,496,1082.2592592592594,498746.0,0.498746,0.46753600000000006
11000.0,85,581,934.3882352941176,578169.0,0.513928,0.635384
12000.0,33,614,948.060606060606,609455.0,0.487564,0.250288
13000.0,79,693,930.253164556962,682945.0,0.4966872727272727,0.58792
14000.0,46,739,953.1304347826087,726789.0,0.484526,0.350752
15000.0,64,803,892.609375,783916.0,0.4824098461538462,0.457016
16000.0,61,864,1034.655737704918,847030.0,0.48401714285714287,0.504912
17000.0,83,947,1079.0,936587.0,0.49951306666666667,0.716456
18000.0,53,1000,971.8301886792453,988094.0,0.494047,0.412056
19000.0,60,1060,988.5833333333334,1047409.0,0.4928983529411765,0.47452
20000.0,60,1120,1028.7333333333333,1109133.0,0.492948,0.493792
21000.0,85,1205,904.6235294117647,1186026.0,0.4993793684210526,0.615144
22000.0,62,1267,1115.5483870967741,1255190.0,0.502076,0.553312
23000.0,81,1348,895.9876543209876,1327765.0,0.5058152380952381,0.5806
24000.0,65,1413,951.8461538461538,1389635.0,0.5053218181818182,0.49496
25000.0,65,1478,930.8923076923077,1450143.0,0.5043975652173913,0.484064
26000.0,82,1560,1058.2926829268292,1536923.0,0.5123076666666667,0.69424
27000.0,37,1597,1032.081081081081,1575110.0,0.5040351999999999,0.305496
28000.0,67,1664,1078.8805970149253,1647395.0,0.5068907692307693,0.57828
29000.0,45,1709,1006.1777777777778,1692673.0,0.5015327407407407,0.362224
30000.0,63,1772,1095.1746031746031,1761669.0,0.503334,0.551968
31000.0,38,1810,1038.6842105263158,1801139.0,0.49686593103448273,0.31576
32000.0,66,1876,928.0454545454545,1862390.0,0.4966373333333334,0.490008
33000.0,51,1927,1017.6078431372549,1914288.0,0.4940098064516129,0.415184
34000.0,79,2006,1081.746835443038,1999746.0,0.4999365,0.683664
35000.0,90,2096,1100.7222222222222,2098811.0,0.5088026666666666,0.79252
36000.0,77,2173,1003.2727272727273,2176063.0,0.5120148235294117,0.618016
37000.0,32,2205,938.0,2206079.0,0.5042466285714285,0.240128
38000.0,73,2278,972.027397260274,2277037.0,0.5060082222222222,0.567664
39000.0,56,2334,1008.4107142857143,2333508.0,0.5045422702702702,0.451768
40000.0,68,2402,974.2352941176471,2399756.0,0.5052117894736842,0.529984
41000.0,92,2494,1069.445652173913,2498145.0,0.51244,0.787112
42000.0,63,2557,983.4285714285714,2560101.0,0.5120202,0.495648
43000.0,69,2626,1030.3188405797102,2631193.0,0.5134035121951219,0.568736
44000.0,74,2700,940.8378378378378,2700815.0,0.5144409523809523,0.556976
45000.0,50,2750,1023.5,2751990.0,0.5119981395348837,0.4094
46000.0,66,2816,883.3181818181819,2810289.0,0.5109616363636365,0.466392
47000.0,58,2874,914.948275862069,2863356.0,0.5090410666666666,0.424536
48000.0,86,2960,1020.5697674418604,2951125.0,0.5132391304347826,0.702152
49000.0,61,3021,1056.8688524590164,3015594.0,0.5132925957446809,0.515752
50000.0,75,3096,1138.56,3100986.0,0.516831,0.683136
51000.0,79,3175,896.873417721519,3171839.0,0.5178512653061225,0.566824
52000.0,83,3258,989.0,3253926.0,0.52062816,0.656696
53000.0,72,3330,1044.8472222222222,3329155.0,0.5222203921568628,0.601832
54000.0,98,3428,1164.1734693877552,3443244.0,0.5297298461538462,0.912712
55000.0,40,3468,1012.95,3483762.0,0.5258508679245283,0.324144
56000.0,73,3541,951.6986301369863,3553236.0,0.5264053333333334,0.555792
57000.0,66,3607,1124.8181818181818,3627474.0,0.527632581818182,0.593904
58000.0,68,3675,1019.7794117647059,3696819.0,0.528117,0.55476
59000.0,55,3730,815.7818181818182,3741687.0,0.5251490526315788,0.358944
60000.0,65,3795,1091.7076923076922,3812648.0,0.5258824827586206,0.567688
