%=============================================================================================================================
% Result "total_thrp". Fri Dec 06 15:13:59 CET 2024.
%-----------------------------------------------------------------------------------------------------------------------------
% (0) time[ms] | (1) #packets last interval | (2) #packets overall | (3) overall avrg. packetsize [byte] | (4) overall sum packetsize [byte] | (5) overall thrp [Mb/s] | (6) thrp last interval [Mb/s]
%=============================================================================================================================
result_total_thrp = [
2000.0	0	0	NaN	0.0	NaN	NaN
3000.0	3237	3237	1004.1155390793945	3250322.0	26.002576	26.002576
4000.0	3243	6480	988.8310206598828	6457101.0	25.828404	25.654232
5000.0	3188	9668	990.060225846926	9613413.0	25.635768	25.250496
6000.0	3097	12765	997.670649015176	1.2703199E7	25.406398	24.718288
7000.0	2912	15677	1000.3210851648352	1.5616134E7	24.9858144	23.30348
8000.0	2885	18562	1010.8564991334489	1.8532455E7	24.70994	23.330568
9000.0	3007	21569	1016.854007316262	2.1590135E7	24.67444	24.46144
10000.0	3082	24651	994.0577547047371	2.4653821E7	24.653821	24.509488
11000.0	2938	27589	1000.5541184479238	2.7593449E7	24.527510222222222	23.517024
12000.0	2924	30513	1000.2260601915185	3.051811E7	24.414488	23.397288
13000.0	2956	33469	994.9313261163735	3.3459127E7	24.333910545454547	23.528136
14000.0	3007	36476	982.2327901563019	3.6412701E7	24.275134	23.628592
15000.0	2926	39402	995.2320574162679	3.932475E7	24.199846153846153	23.296392
16000.0	2929	42331	983.1703653123933	4.2204456E7	24.116832	23.037648
17000.0	2974	45305	1005.3789509078682	4.5194453E7	24.10370826666667	23.919976
18000.0	3037	48342	1007.6331906486664	4.8254635E7	24.1273175	24.481456
19000.0	2943	51285	1000.7220523275569	5.119976E7	24.094004705882355	23.561
20000.0	2916	54201	981.9739368998628	5.4063196E7	24.028087111111113	22.907488
21000.0	3031	57232	1005.5710986473111	5.7111082E7	24.046771368421055	24.383088
22000.0	3003	60235	1000.5874125874126	6.0115846E7	24.046338400000003	24.038112
23000.0	2933	63168	988.1847937265599	6.3014192E7	24.005406476190476	23.186768
24000.0	2980	66148	1001.3372483221476	6.5998177E7	23.999337090909094	23.87188
25000.0	2983	69131	1019.2138786456587	6.9038492E7	24.013388521739127	24.32252
26000.0	3040	72171	987.2526315789473	7.203974E7	24.013246666666664	24.009984
27000.0	2952	75123	1010.2046070460705	7.5021864E7	24.00699648	23.856992
28000.0	3071	78194	1010.8248127645718	7.8126107E7	24.038802153846156	24.833944
29000.0	3215	81409	1000.0724727838258	8.134134E7	24.101137777777776	25.721864
30000.0	3074	84483	1005.6935588809368	8.4432842E7	24.123669142857143	24.732016
31000.0	2977	87460	1006.0218340611353	8.7427769E7	24.118005241379308	23.959416
32000.0	3229	90689	995.2870857850728	9.0641551E7	24.17108026666667	25.710256
33000.0	3051	93740	1002.2818747951492	9.3699513E7	24.180519483870967	24.463696
34000.0	2988	96728	1007.9163319946452	9.6711167E7	24.17779175	24.093232
35000.0	3030	99758	1006.390099009901	9.9760529E7	24.184370666666663	24.394896
36000.0	3199	102957	999.1622381994373	1.02956849E8	24.22514094117647	25.57056
37000.0	2908	105865	1010.4731774415405	1.05895305E8	24.204641142857145	23.507648
38000.0	2922	108787	995.4688569472963	1.08804065E8	24.17868111111111	23.27008
39000.0	2932	111719	992.0075034106412	1.11712631E8	24.154082378378376	23.268528
40000.0	2943	114662	1013.1107713217805	1.14694216E8	24.146150736842102	23.85268
41000.0	3008	117670	991.1944813829788	1.17675729E8	24.138611076923077	23.852104
42000.0	2929	120599	1004.3895527483783	1.20617586E8	24.1235172	23.534856
43000.0	2965	123564	999.0495784148397	1.23579768E8	24.113125463414637	23.697456
44000.0	3004	126568	999.9990013315579	1.26583765E8	24.111193333333333	24.031976
45000.0	2935	129503	1009.9093696763202	1.29547849E8	24.101925395348836	23.712672
46000.0	3036	132539	1003.2990777338604	1.32593865E8	24.107975454545457	24.368128
47000.0	3336	135875	998.8660071942446	1.35926082E8	24.1646368	26.657736
48000.0	3260	139135	986.3993865030675	1.39141744E8	24.19856417391304	25.725296
49000.0	3120	142255	1026.553846153846	1.42344592E8	24.228866723404256	25.622783999999996
50000.0	3261	145516	994.0030665440049	1.45586036E8	24.264339333333332	25.931552
51000.0	3195	148711	1004.4068857589984	1.48795116E8	24.293080163265305	25.67264
52000.0	3557	152268	1004.1540624121451	1.52366892E8	24.378702720000003	28.574208
53000.0	3201	155469	989.6023117775695	1.55534609E8	24.3975857254902	25.341736
54000.0	3116	158585	1000.3437098844672	1.5865168E8	24.407950769230773	24.936568
55000.0	3305	161890	1000.5192133131619	1.61958396E8	24.446550339622643	26.453728
56000.0	3552	165442	1005.8274211711712	1.65531095E8	24.523125185185187	28.581592
57000.0	3109	168551	996.31103248633	1.68628626E8	24.527800145454545	24.780248
58000.0	3015	171566	1002.449087893864	1.7165101E8	24.521572857142854	24.179072
59000.0	3137	174703	1014.274147274466	1.74832788E8	24.537935157894733	25.454224
60000.0	3089	177792	1001.9520880543865	1.77927818E8	24.541768	24.76024
]; % Fri Dec 06 15:14:20 CET 2024
